2 253809712
25 253809647
45 253809586
67 253809526
86 251451019
109 251450973
128 233326134
148 233326160
170 233326192
190 233326220
212 214291458
233 214291520
252 214291580
275 211544862
294 202719690
315 202719878
334 202720056
356 202720250
378 202720455
399 202720643
418 202720821
438 2591
458 2754
481 2989
501 3034
522 3187
541 3335
561 3486
583 3669
605 3859
625 4027
645 4211
665 4394
685 4553
706 4699
726 4810
748 4982
767 5140
788 5306
809 5479
830 5643
850 5810
873 5991
892 6151
914 6325
935 6498
956 6665
975 6821
996 6987
1015 5842
1037 6036
1057 6108
1077 6250
1099 6412
1122 6575
1143 6730
1166 6894
1185 7033
1206 7182
1225 7322
1245 9349
1266 9320
1288 9292
1308 7916
1328 7078
1348 7950
1368 7965
1388 7350
1411 1995
1431 2653
1453 3341
1475 4168
1497 5050
1518 4660
1541 4854
1563 5062
1583 5240
1604 5436
1625 5636
1647 5832
1668 121
1688 300
1709 497
1731 341
1752 68
1774 206
1819 13
1862 11
1882 929
1903 1067
1922 604
1942 59
1964 359
1986 569
2008 64
2028 115
2050 320
2070 501
2092 45
2113 66
2133 89
2156 25
2177 34
2200 36
2220 38
2243 36
2265 2
2309 2
2329 0
2392 0
2455 39
2477 28
2500 32
2519 42
2540 52
2559 53
2579 65
2601 28
2624 37
2646 46
2666 50
2687 28
2708 31
2729 38
2750 27
2769 26
2789 30
2808 33
2830 35
2871 43
2890 44
2910 34
2931 36
2952 40
2972 43
2993 46
3013 29
3034 31
3055 33
3075 36
3096 35
3116 38
3138 34
3159 36
3179 37
3201 29
3223 29
3244 24
3263 28
3284 32
3306 33
3327 36
3347 37
3369 26
3390 29
3413 30
3432 31
3455 27
3477 29
3497 31
3519 0
3560 32
3582 34
3602 27
3623 21
3645 22
3667 24
3690 26
3710 27
3733 23
3755 21
3776 23
3797 28
3817 25
3839 31
3859 38
3881 44
3904 51
3923 42
3945 37
3964 32
3986 34
4008 33
4030 36
4051 37
4074 43
4096 65
4118 95
4140 50
4163 80
4184 78
4207 81
4227 89
4247 92
4268 98
4291 94
4310 47
4333 46
4355 57
4375 49
4395 51
4416 52
4436 39
4456 39
4476 31
4498 32
4519 34
4540 35
4559 30
4582 30
4604 29
4625 31
4648 32
4670 22
4692 25
4712 25
4732 22
4754 25
4775 25
4794 28
4817 27
4837 25
4858 25
4879 28
4899 24
4920 27
4940 27
4959 29
4979 31
5000 32
5023 32
5045 32
5065 34
5085 29
5105 30
5126 30
5149 29
5171 30
5193 30
5215 31
5238 33
5257 37
5280 36
5300 39
5321 36
5340 38
5360 38
5381 32
5402 35
5422 31
5445 33
5465 35
5485 38
5505 35
5528 35
5547 36
5567 38
5589 39
5609 36
5630 37
5653 38
5674 40
5695 40
5715 30
5737 32
5758 30
5779 30
5798 36
5818 35
5840 37
5861 36
5880 36
5900 34
5922 37
5944 39
5963 37
5986 36
6008 35
6031 37
6053 37
6073 36
6093 36
6114 37
6134 33
6155 33
6175 34
6197 32
6218 32
6239 33
6258 32
6278 32
6300 31
6323 31
6342 31
6362 29
6384 33
6407 32
6426 31
6447 26
6469 29
6491 32
6513 31
6536 32
6556 32
6579 32
6599 33
6621 34
6642 31
6662 31
6682 27
6703 28
6722 31
6743 27
6764 31
6785 29
6804 30
6825 30
6844 31
6865 30
6884 25
6905 24
6924 25
6946 27
6968 27
6988 28
7010 27
7030 29
7049 28
7071 25
7093 26
7116 23
7138 23
7160 27
7181 27
7204 28
7224 30
7247 30
7266 31
7289 32
7311 28
7331 29
7351 29
7372 29
7394 32
7415 32
7436 33
7456 34
7478 33
7500 37
7521 38
7541 38
7564 26
7583 27
7605 29
7625 27
7647 28
7666 30
7689 30
7709 31
7731 34
7752 39
7773 38
7792 40
7812 41
7832 40
7851 33
7873 34
7894 32
7915 35
7935 38
7956 36
7977 36
7998 36
8018 37
8038 38
8058 39
8080 31
8100 32
8122 33
8144 36
8166 36
8188 36
8209 36
8231 37
8250 34
8272 28
8291 30
8311 30
8333 32
8356 32
8375 35
8395 35
8416 36
8436 37
8458 37
8478 28
8500 35
8522 35
8542 36
8564 36
8583 37
8604 35
8624 33
8643 34
8665 33
8687 33
8707 36
8726 36
8746 34
8766 35
8788 37
8808 35
8829 35
8850 31
8873 35
8893 33
8916 30
8938 31
8960 32
8983 32
9003 31
9025 31
9045 35
9067 35
9088 35
9108 36
9127 35
9149 36
9170 36
9193 38
9213 37
9235 38
9256 34
9278 36
9297 36
9317 36
9336 36
9356 36
9377 31
9400 33
9422 32
9445 34
9464 33
9485 34
9504 33
9527 33
9546 34
9569 31
9591 31
9611 33
9632 35
9654 35
9674 35
9696 36
9715 35
9736 29
9758 30
9779 31
9799 32
9822 31
9843 32
9866 33
9885 33
9907 32
9927 32
9949 34
9971 31
9994 31
10016 32
10037 34
10056 34
10076 34
10097 37
10119 29
10138 29
10159 31
10178 30
10201 32
10221 31
10242 30
10263 30
10283 32
10302 32
10325 31
10344 32
10366 32
10388 31
10410 33
10429 33
10449 33
10468 34
10489 34
10511 35
10533 34
10553 29
10573 30
10592 29
10614 29
10636 28
10657 29
10677 30
10697 31
10719 30
10742 32
10763 29
10785 30
10806 31
10826 32
10846 32
10866 32
10886 33
10908 28
10929 28
10949 30
10968 30
10989 32
11008 31
11030 30
11050 30
11072 33
11094 32
11117 31
11137 30
11160 28
11179 29
11202 30
11222 26
11243 27
11263 27
11284 28
11304 29
11325 31
11347 29
11369 28
11388 30
11409 30
11430 29
11451 32
11472 34
11492 32
11511 33
11533 32
11555 32
11576 33
11598 30
11618 31
11639 30
11660 26
11679 29
11699 31
11721 32
11742 30
11763 30
11786 34
11808 34
11828 30
11849 30
11871 31
11891 25
11912 27
11931 29
11954 29
11975 32
11996 33
12015 31
12037 31
12059 31
12080 32
12099 32
12119 29
12140 30
12163 29
12185 28
12206 29
12226 30
12247 28
12266 29
12287 28
12309 23
12329 27
12351 28
12371 29
12391 29
12414 30
12434 32
12456 31
12475 29
12497 24
12516 25
12539 30
12559 29
12579 29
12599 34
12621 35
12641 19
12661 15
12683 13
12704 13
12723 13
12746 14
12766 18
12788 20
12810 21
12830 22
12850 26
12872 27
12893 28
12915 29
12937 28
12958 24
12978 25
13000 26
13021 28
13041 28
13062 29
13084 29
13104 30
13124 29
13146 31
13166 31
13187 24
13208 23
13229 24
13251 27
13274 27
13296 26
13318 28
13340 30
13363 30
13384 29
13405 28
13426 27
13448 22
13468 22
13491 25
13510 31
13530 32
13551 31
13574 32
13593 31
13615 33
13637 28
13659 26
13681 27
13701 29
13721 26
13742 25
13763 25
13784 26
13806 27
13828 30
13849 31
13872 32
13894 28
13916 28
13938 30
13959 37
13979 36
14001 33
14024 33
14043 35
14063 27
14083 28
14105 26
14126 27
14148 27
14169 25
14190 26
14212 28
14235 26
14255 28
14276 28
14296 28
14319 26
14338 26
14361 28
14383 32
14404 31
14425 35
14448 40
14469 60
14492 42
14514 45
14537 64
14557 80
14580 35
14601 33
14623 31
14643 29
14665 29
14685 28
14708 26
14730 27
14751 27
14771 29
14792 28
14814 30
14833 30
14854 29
14876 29
14898 26
14918 29
14940 33
14959 33
14980 25
15001 26
15022 25
15043 25
15063 19
15084 21
15104 26
15125 25
15146 20
15167 21
15187 19
15209 20
15231 24
15253 26
15273 27
15294 27
15315 26
15337 19
15357 20
15379 2
15399 23
15421 28
15441 24
15463 19
15485 20
15507 24
15528 25
15548 25
15569 25
15588 26
15610 26
15632 27
15655 30
15677 30
15698 33
15719 33
15742 35
15763 32
15785 30
15807 32
15829 30
15850 31
15873 32
15893 32
15915 32
15935 32
15956 32
15978 22
15998 22
16019 25
16041 25
16062 25
16082 24
16103 21
16125 21
16148 22
16169 25
16190 24
16210 23
16232 22
16254 24
16277 24
16297 20
16320 20
16342 19
16365 20
16387 20
16409 18
16431 20
16453 22
16473 21
16493 26
16515 28
16537 27
16558 25
16579 26
16601 23
16623 23
16644 22
16666 22
16688 25
16708 23
16730 25
16750 24
16773 26
16792 30
16812 29
16834 26
16856 25
16878 22
16899 23
16919 23
16940 23
16959 24
16982 25
17001 25
17024 26
17045 27
17068 26
17088 26
17111 26
17133 27
17153 21
17174 23
17197 24
17217 29
17238 30
17257 28
17279 29
17301 28
17323 27
17345 26
17365 25
17386 27
17408 27
17427 27
17449 27
17471 27
17491 26
17511 22
17532 23
17551 25
17571 25
17591 26
17614 23
17636 24
17659 24
17679 25
17702 26
17723 25
17745 26
17766 25
17787 26
17809 25
17832 23
17852 23
17874 25
17895 28
17917 26
17939 19
17958 18
17979 19
17999 22
18020 21
18041 23
18063 23
18084 22
18104 20
18125 20
18146 22
18166 25
18186 26
18206 31
18226 31
18248 31
18268 33
18291 32
18311 32
18333 36
18355 31
18375 30
18396 29
18416 31
18436 31
18456 24
18475 23
18495 26
18514 25
18537 25
18558 25
18581 21
18602 23
18624 22
18644 22
18666 26
18687 27
18708 26
18729 27
18750 26
18770 28
18791 29
18812 23
18834 26
18856 27
18877 28
18900 29
18920 25
18942 25
18961 26
18984 26
19005 25
19025 27
19046 21
19067 24
19089 25
19109 25
19131 25
19152 28
19173 28
19196 28
19218 27
19241 27
19262 26
19283 26
19304 26
19325 26
19344 25
19365 25
19384 26
19404 26
19426 28
19446 28
19465 29
19486 31
19507 29
19528 28
19548 30
19571 29
19590 30
19611 29
19633 32
19654 31
19674 30
19694 30
19716 31
19739 32
19761 18
19783 21
19802 19
19824 24
19844 23
19866 24
19885 22
19906 25
19928 24
19948 30
19970 30
19993 26
20012 25
20033 27
20053 24
20073 26
20095 27
20117 27
20136 29
20158 28
20177 30
20198 30
20219 28
20242 40
20263 27
20286 25
20307 27
20329 27
20351 30
20374 42
20395 55
20416 33
20439 36
20461 38
20484 39
20504 38
20527 31
20549 33
20571 24
20590 25
20612 26
20632 22
20652 22
20672 22
20695 21
20714 24
20737 27
20756 27
20777 28
20797 27
20819 22
20841 23
20861 25
20880 26
20900 27
20920 26
20941 24
20960 25
20982 27
21003 28
21025 27
21045 27
21067 29
21089 29
21109 28
21128 21
21149 20
21169 22
21189 25
21208 25
21231 24
21253 25
21276 25
21296 27
21318 28
21337 30
21358 30
21379 27
21399 28
21421 28
21443 27
21463 26
21486 27
21506 31
21528 31
21547 31
21570 23
21589 24
21609 24
21631 23
21651 22
21670 28
21692 29
21711 29
21732 34
