25 10579813
45 19018102
67 19018074
86 19018046
109 479
128 736
148 606
170 830
193 627
212 377
235 372
255 258
275 372
297 124
317 158
337 248
357 452
378 694
401 204
423 171
446 87
466 167
487 103
506 140
528 89
548 69
568 63
587 38
607 50
628 99
650 29
670 29
691 21
711 38
731 21
752 19
775 16
795 21
818 39
838 50
861 21
881 8
902 11
922 13
945 10
964 11
985 16
1004 9
1024 13
1045 13
1066 11
1088 19
1109 20
1129 15
1151 16
1171 15
1192 9
1214 12
1236 13
1255 7
1275 8
1296 12
1319 14
1339 13
1361 14
1382 11
1404 11
1426 14
1449 16
1471 10
1493 12
1514 12
1534 13
1553 12
1576 11
1595 11
1618 11
1639 10
1660 12
1680 11
1703 14
1723 11
1745 11
1764 10
1786 10
1807 11
1830 12
1849 13
1871 14
1893 16
1914 16
1933 14
1956 23
1975 24
1998 24
2017 23
2040 25
2060 24
2082 18
2104 14
2124 25
2145 23
2165 26
2187 27
2208 21
2228 18
2249 22
2270 24
2290 26
2310 25
2333 16
2355 18
2377 15
2399 16
2418 21
2438 18
2459 13
2482 12
2504 9
2525 16
2544 31
2567 11
2589 14
2609 23
2629 33
2649 40
2668 11
2691 11
2713 11
2736 8
2758 9
2779 8
2799 10
2821 9
2841 9
2862 10
2881 8
2901 9
2920 12
2942 11
2961 9
2983 11
3002 11
3022 10
3043 10
3064 10
3084 11
3107 9
3127 9
3148 10
3168 12
3190 9
3209 8
3231 10
3250 10
3273 10
3293 10
3315 12
3335 12
3357 14
3379 9
3400 7
3419 9
3440 11
3462 11
3483 10
3503 11
3525 11
3546 12
3569 13
3588 9
3611 13
3633 13
3653 12
3675 12
3696 13
3716 13
3738 12
3758 12
3779 16
3801 12
3822 17
3844 10
3867 12
3889 12
3910 12
3929 11
3951 14
3972 10
3992 11
4012 12
4033 13
4054 11
4074 11
4093 14
4114 8
4136 10
4158 12
4177 12
4197 13
4217 9
4238 11
4259 10
4282 11
4301 13
4323 14
4343 17
4365 12
4386 13
4406 13
4425 15
4445 14
4464 15
4486 10
4505 9
4528 9
4548 9
4570 11
4590 10
4610 12
4629 11
4649 12
4668 15
4688 10
4708 8
4730 8
4751 10
4772 9
4791 9
4814 14
4836 10
4858 12
4880 11
4903 10
4924 13
4945 14
4964 12
4987 12
5007 10
5027 7
5049 28
5070 20
5090 35
5112 12
5131 13
5153 13
5172 12
5192 16
5211 19
5233 16
5255 16
5278 20
5297 9
5318 13
5337 13
5359 18
5381 47
5404 37
5425 22
5448 9
5470 42
5492 72
5513 13
5533 42
5553 24
5576 18
5595 46
5616 28
5637 11
5658 41
5678 15
5701 17
5721 43
5741 11
5761 39
5784 24
5803 48
5823 13
5845 40
5865 21
5886 13
5909 29
5930 11
5952 11
5974 8
5996 11
6016 15
6036 9
6057 11
6077 11
6096 10
6119 11
6138 14
6161 14
6180 10
6201 9
6221 10
6244 11
6265 12
6286 12
6308 12
6329 11
6349 12
6372 11
6392 12
6414 10
6433 10
6455 12
6476 14
6499 10
6518 10
6541 10
6563 10
6585 14
6608 14
6627 9
6648 9
6669 10
6692 9
6712 9
6733 15
6755 11
6778 11
6799 9
6819 14
6841 12
6864 14
6883 16
6904 17
6925 11
6948 12
6967 15
6989 13
7009 13
7030 15
7052 9
7075 12
7094 13
7116 13
7138 14
7161 12
7181 12
7203 8
7223 11
7246 13
7267 11
7288 10
7308 11
7328 10
7350 10
7370 9
7391 11
7414 11
7436 11
7458 13
7481 13
7502 10
7524 11
7546 9
7567 10
7589 9
7609 12
7631 10
7654 9
7673 11
7694 11
7713 10
7735 9
7754 9
7777 10
7799 11
7821 13
7842 11
7862 10
7881 10
7902 11
7924 12
7945 11
7965 12
7986 14
8005 13
8027 11
8049 12
8071 11
8093 14
8114 12
8133 13
8156 16
8178 11
8200 11
8219 13
8239 9
8260 10
8283 11
8305 10
8326 11
8346 9
8366 10
8386 13
8407 11
8429 11
8452 12
8471 8
8493 11
8515 14
8536 11
8558 13
8578 14
8600 16
8620 19
8639 21
8659 14
8680 15
8701 16
8720 15
8741 15
8760 15
8780 14
8800 14
8821 10
8843 12
8863 12
8885 15
8907 15
8927 16
8949 13
8968 16
8989 13
9008 17
9028 21
9049 15
9072 15
9091 14
9111 12
9130 14
9151 15
9172 11
9193 11
9213 16
9234 10
9255 13
9278 12
9298 12
9321 9
9343 11
9366 11
9388 10
9409 9
9430 11
9451 14
9472 14
9494 10
9513 8
9533 9
9554 10
9576 11
9596 16
9619 10
9639 10
9661 8
9682 9
9704 11
9723 11
9745 11
9764 13
9784 12
9803 10
9825 10
9847 11
9870 11
9892 10
9912 11
9933 13
9954 10
9973 11
9996 10
10018 10
10039 11
10059 13
10079 11
10098 9
10121 9
10140 8
10163 9
10185 8
10208 11
10229 10
10250 9
10273 10
10293 13
10313 14
10335 13
10355 16
10376 15
10399 9
10419 14
10441 13
10460 11
10480 18
10502 16
10523 9
10542 12
10562 10
10583 10
10605 12
10625 9
10645 9
10665 11
10687 10
10708 11
10728 13
10750 13
10769 15
10789 12
10811 12
10831 8
10852 8
10875 11
10896 10
10916 10
10935 13
10955 14
10975 16
10998 14
11019 12
11040 11
11059 10
11079 12
11100 12
11123 9
11143 9
11164 9
11183 8
11204 10
11225 10
11248 12
11268 12
11290 9
11309 11
11329 12
11351 10
11373 12
11393 11
11414 11
11435 14
11456 14
11477 12
11499 12
11521 11
11543 12
11564 11
11585 8
11608 14
11630 15
11651 11
11670 11
11690 13
11712 12
11735 12
11757 9
11777 11
11799 13
11821 12
11840 13
11860 15
11880 12
11903 13
11925 15
11947 11
11968 11
11991 12
12010 33
12032 11
12051 13
12072 9
12091 14
12114 15
12133 12
12155 11
12174 8
12194 7
12213 12
12235 12
12255 10
12275 12
12294 10
12317 15
12337 15
12358 10
12378 11
12401 13
12423 12
12443 13
12464 11
12486 11
12506 11
12527 10
12546 12
12569 16
12590 10
12611 11
12630 10
12652 8
12674 9
12695 11
12714 12
12734 12
12755 13
12778 16
12800 12
12821 9
12841 11
12862 10
12881 11
12902 12
12924 9
12944 10
12966 13
12986 13
13006 12
13029 10
13049 14
13071 11
13090 10
13112 14
13131 14
13154 12
13174 10
13194 10
13214 9
13236 11
13256 11
13276 12
13298 10
13319 13
13338 14
13361 12
13381 12
13403 13
13425 15
13445 17
13465 17
13487 10
13508 9
13530 11
13552 13
13574 12
13593 14
13616 14
13636 10
13657 8
13677 10
13700 13
13719 14
13739 9
13761 12
13781 10
13802 13
13824 7
13844 8
13867 13
13889 12
13912 12
13933 10
13956 13
13975 10
13995 8
14014 10
14036 9
14055 10
14077 7
14099 7
14121 9
14141 11
14161 9
14181 11
14203 13
14222 7
14245 6
14265 9
14286 12
14305 10
14325 13
14344 9
14367 7
14386 8
14407 12
14428 14
14450 12
14470 12
14493 12
14515 9
14536 8
14557 9
14579 14
14600 65538
14621 65536
14640 12
14662 14
14684 27
14704 39
14723 12
14743 21
14763 12
14785 15
14807 8
14828 10
14850 12
14871 10
14890 10
14912 11
14932 12
14952 12
14973 9
14996 9
15015 9
15035 9
15057 12
15078 13
15097 15
15120 9
15139 12
15159 12
15181 13
15203 14
15223 13
15244 12
15265 11
15285 10
15306 9
15329 15
15348 14
15368 21
15390 13
15410 15
15431 16
15451 12
15470 17
15493 24
15515 23
15535 24
15555 24
15576 24
15596 22
15616 23
15638 24
15661 30
15683 33
15706 27
15727 25
15747 24
15767 22
15788 18
15809 19
15831 22
15850 13
15872 12
15892 53
15914 106
15933 38
15956 30
15977 58
16000 13
16019 14
16041 13
16061 14
16083 15
16103 15
16125 37
16145 29
16166 9
16185 10
16208 15
16228 14
16248 13
16267 14
16287 11
16308 12
16331 11
16352 13
16372 10
16394 11
16416 13
16439 7
16459 11
16481 14
16503 14
16525 15
16546 18
16569 9
16590 10
16612 12
16631 14
16654 9
16674 11
16697 16
16718 24
16739 22
16758 24
16779 25
16801 28
16822 24
16843 23
16863 24
16884 25
16907 18
16926 20
16948 15
16969 19
16992 15
17013 12
17035 13
17057 11
17079 9
17099 10
17119 11
17141 15
17164 11
17185 13
17208 15
17229 11
17250 11
17269 14
17291 13
17313 13
17334 10
17355 13
17377 9
17399 11
17420 14
17442 16
17464 9
17485 10
17506 9
17526 11
17548 13
17570 12
17590 12
17611 15
17633 18
17655 12
17677 12
17698 11
17718 8
17739 9
17758 9
17781 12
17800 14
17823 10
17844 11
17867 11
17887 14
17910 10
17932 8
17952 12
17973 11
17996 65538
18016 65541
18039 8
18058 11
18078 10
18100 14
18121 13
18141 16
18162 12
18182 11
18202 14
18224 8
18246 10
18268 10
18288 10
18308 11
18329 15
18351 17
18371 15
18393 10
18415 11
18435 12
18456 13
18477 19
18497 12
18517 10
18538 12
18559 11
18580 10
18601 13
18624 13
18646 13
18668 16
18690 11
18712 11
18732 14
18754 15
18775 12
18794 14
18817 13
18839 14
18861 11
18882 10
18904 12
18925 13
18946 11
18965 11
18988 12
19009 15
19029 16
19048 11
19068 11
19087 13
19108 10
19130 13
19151 16
19173 16
19194 18
19213 19
19234 11
19256 13
19276 13
19297 11
19318 15
19338 11
19358 10
19379 12
19401 12
19421 6
19442 10
19464 13
19485 14
19506 15
19527 12
19546 12
19568 15
19590 18
19611 15
19633 13
19653 14
19675 8
19697 9
19718 11
19740 15
19762 15
19783 17
19805 15
19827 9
19849 10
19872 12
19893 12
19915 9
19934 11
19956 16
19976 19
19999 11
20018 12
20041 12
20061 14
20083 16
20105 8
20127 11
20150 11
20171 10
20192 10
20213 9
20234 10
20253 7
20274 13
20294 16
20316 13
20335 12
20355 12
20377 14
20398 13
20418 9
20439 11
20461 11
20484 8
20505 8
20526 9
20548 9
20569 8
20589 6
20611 9
20631 9
20651 10
20670 9
20691 11
20710 14
20731 12
20752 12
20773 11
20795 14
20818 11
20839 11
20859 12
20878 11
20901 12
20923 9
20943 9
20964 9
20987 8
21008 9
21031 12
21051 12
21072 10
21093 12
21115 8
21134 7
21156 10
21176 8
21196 11
21216 10
21236 10
21258 10
21281 10
21303 11
21326 11
21346 12
21368 13
21390 18
21413 15
21435 14
21456 11
21478 12
21500 14
21522 10
21541 12
21563 12
21583 11
21603 8
21624 7
21646 12
21666 11
21688 18
21708 21
21728 12
21749 17
21770 18
21792 13
21812 13
21832 10
21851 10
21872 11
21892 11
21912 11
21933 13
21955 12
21976 11
21997 10
22018 11
22041 12
22062 11
22082 11
22102 9
22125 14
22147 11
22166 7
22186 11
22208 17
22231 14
22253 14
22274 15
22295 13
22315 15
22335 15
22357 23
22376 37
22399 12
22420 21
22441 16
22463 21
22484 21
22504 37
22526 21
22545 27
22568 27
22587 51
22607 23
22629 12
22649 12
22668 10
22690 11
22709 20
22730 20
22752 9
22775 11
22797 15
22819 12
22841 12
22864 15
22885 20
22905 7
22924 11
22945 14
22965 12
22986 17
23005 20
23026 24
23047 17
23069 11
23088 11
23109 14
23128 12
23148 16
23167 10
23188 13
23210 18
23232 14
23252 14
23275 15
23296 12
23319 12
23340 9
23361 8
23380 8
23401 10
23423 10
23445 13
23466 15
23487 9
23508 10
23531 14
23552 14
23574 15
23593 11
23614 10
23633 8
23656 11
23677 13
23699 15
23720 10
23742 11
23764 16
23786 14
23807 12
23829 53
23850 44
23873 21
23895 53
23917 44
23940 9
23960 47
23981 49
24003 23
24023 54
24044 29
24067 11
24087 33
24108 16
24129 28
24149 15
24171 13
24193 11
24214 13
24235 13
24255 15
24275 8
24297 10
24319 12
24341 9
24362 27
24384 25
24407 12
24428 10
24450 12
24471 10
24492 10
24514 12
24534 12
24553 11
24576 8
24596 12
24619 10
24641 14
24664 9
24686 10
24708 9
24729 10
24750 14
24769 15
24789 16
24811 9
24831 11
24850 10
24872 11
24892 12
24912 14
24932 14
24953 13
24973 11
24994 9
25015 11
25037 13
25059 13
25082 9
25102 15
25122 18
25142 16
25165 24
25186 10
25206 10
25246 25
25265 24
25287 25
25307 25
25327 22
25348 19
25368 13
25390 18
25410 15
25432 15
25452 54
25471 15
25493 20
25513 11
25533 12
25553 10
25573 10
25595 10
25618 9
25637 12
25657 14
25678 16
25699 35
25718 90
25739 148
25760 55
25780 109
25802 48
25823 31
25843 64
25865 113
25887 32
25907 48
25928 88
25951 30
25971 31
25993 37
26013 19
26034 14
26056 15
26077 16
26097 14
26118 16
26138 18
26161 16
26181 11
26201 12
26221 10
26241 10
26262 9
26282 14
26301 11
26321 13
26342 9
26364 13
26384 13
26407 12
26427 13
26449 9
26469 9
26490 10
26509 10
26531 10
26552 10
26572 10
26594 9
26615 11
26634 10
26657 11
26676 15
26696 12
26716 13
26739 12
26759 13
26779 15
26801 13
26824 10
26844 11
26864 12
26884 12
26905 10
26925 9
26946 10
26967 8
26990 11
27012 10
27035 11
27057 6
27078 9
27098 6
27119 15
27141 15
27164 11
27183 13
27203 13
27222 6
27242 8
27262 9
27282 9
27301 12
27321 10
27342 10
27365 10
27387 10
27409 11
27431 12
27454 14
27476 15
27497 16
27519 10
27539 13
27558 14
27581 15
27600 13
27621 15
27640 13
27660 13
27680 13
27703 14
27724 17
27747 19
27767 11
27788 10
27809 17
27830 11
27850 12
27871 19
27893 12
27913 11
27932 10
27955 10
27974 12
27994 14
28015 15
28038 11
28058 12
28079 9
28101 8
28123 10
28144 15
28166 15
28186 19
28208 15
28228 16
28249 12
28269 12
28290 11
28309 9
28329 6
28349 7
28371 9
28393 9
28414 10
28436 11
28458 13
28477 8
28498 9
28520 11
28541 8
28561 10
28583 12
28604 11
28624 12
28643 10
28664 12
28686 14
28708 10
28730 10
28752 10
28773 10
28793 12
28813 11
28833 13
28853 14
28873 13
28894 16
28916 12
28938 12
28960 9
28980 7
29000 8
29020 10
29042 10
29065 9
29084 9
29104 11
29126 14
29149 14
29171 11
29192 12
29211 14
29233 11
29254 9
29275 9
29296 12
29317 13
29337 14
29357 13
29376 14
29397 18
29418 16
29441 18
29461 13
29481 10
29500 11
29521 13
29541 8
29563 11
29584 11
29605 11
29627 10
29649 12
29671 11
29693 10
29715 12
29738 12
29757 11
29778 12
29797 10
29819 11
29838 11
29860 10
29881 11
29904 11
29923 17
29944 19
29966 9
29989 9
30011 12
30031 14
30050 11
30071 15
30093 13
30114 11
30133 11
30156 12
30175 9
30197 9
30218 10
30241 10
30262 12
30285 13
30304 10
30324 10
30344 11
30366 10
30385 11
30406 12
30426 13
30447 11
30466 8
30488 11
30508 12
30531 12
30550 11
30573 12
30594 15
30615 13
30637 11
30657 12
30677 12
30697 12
30717 10
30740 7
30761 10
30781 10
30801 9
30822 9
30844 8
30864 10
30885 11
30908 11
30930 12
30951 15
30971 21
30994 10
31015 17
31035 11
31057 13
31079 16
31101 7
31124 6
31146 12
31167 11
31190 8
31211 8
31233 9
31255 13
31277 12
31296 13
31317 13
31338 9
31359 9
31378 8
31401 10
31420 10
31442 11
31463 9
31486 9
31505 11
31526 14
31547 15
31568 14
31590 9
31612 9
31633 11
31656 11
31675 10
31695 10
31717 11
31737 11
31758 9
31778 12
31797 9
31820 7
31839 8
31860 7
31881 9
31902 9
31923 7
31945 8
31964 9
31987 8
32009 9
32032 14
32051 14
32072 13
32092 17
32114 10
32133 8
32153 14
32172 14
32193 19
32214 26
32235 10
32257 8
32277 8
32299 7
32321 9
32341 9
32361 9
32380 7
32403 13
32423 13
32446 14
32465 12
32486 14
32506 14
32526 14
32547 15
32569 15
32591 16
32613 12
32634 12
32654 11
32676 11
32699 12
32719 13
32742 13
32763 10
32785 10
32805 10
32825 12
32846 13
32866 15
32886 20
32907 23
32929 11
32952 8
32973 10
32995 15
33016 20
33039 11
33060 14
33081 11
33100 10
33123 15
33142 13
33165 17
33186 14
33208 11
33229 10
33249 11
33271 11
33291 9
33311 9
33332 11
33354 12
33374 11
33396 10
33416 10
33438 12
33458 9
33477 7
33500 9
33522 15
33544 13
33567 14
33588 10
33609 8
33631 8
33651 12
33671 14
33691 13
33711 9
33734 10
33755 9
33778 10
33797 10
33820 10
33839 10
33861 10
33883 9
33905 12
33926 16
33946 12
33968 15
33991 14
34012 16
34035 13
34054 15
34074 11
34094 12
34117 9
34138 9
34158 9
34179 12
34201 12
34221 11
34241 11
34260 15
34283 16
34304 16
34327 15
34348 16
34370 12
34392 12
34412 11
34431 12
34451 13
34473 11
34496 12
34518 12
34540 8
34559 12
34579 12
34600 12
34622 13
34644 13
34666 14
34689 12
34708 11
34730 12
34750 11
34770 7
34792 5
34812 8
34833 11
34853 8
34875 10
34898 12
34919 9
34941 10
34960 12
34982 13
35002 14
35024 10
35045 11
35067 13
35087 13
35110 11
35129 8
35149 10
35168 9
35191 8
35213 10
35233 10
35252 11
35272 11
35292 12
35315 12
35334 12
35356 11
35375 13
35396 13
35418 12
35438 10
35458 10
35479 12
35501 15
35521 16
35541 13
35562 7
35583 8
35603 9
35625 10
35644 10
35666 11
35685 13
35707 7
35729 10
35750 9
35770 11
35791 12
35814 13
35836 6
35856 9
35877 9
35897 9
35917 6
35939 8
35958 7
35979 14
36001 12
36021 12
36041 11
36061 12
36081 10
36101 11
36124 12
36145 13
36167 8
36190 8
36211 8
36232 9
36253 12
36273 8
36295 5
36318 6
36338 9
36358 9
36379 10
36399 9
36420 11
36440 65546
36459 65543
36482 7
36502 10
36524 13
36544 11
36565 10
36587 13
36609 9
36628 8
36649 14
36668 13
36691 11
36712 11
36735 9
36754 11
36774 8
36793 8
36815 8
36836 5
36857 7
36879 8
36902 9
36922 10
36945 9
36965 10
36986 9
37006 10
37026 12
37047 14
37067 14
37089 11
37112 12
37134 15
37156 12
37178 14
37199 17
37221 10
37243 14
37264 19
37287 13
37309 15
37332 12
37351 15
37373 9
37393 12
37414 12
37433 10
37453 12
37472 7
37494 10
37514 11
37535 8
37554 12
37574 10
37594 7
37615 11
37637 12
37657 12
37677 16
37699 14
37721 14
37742 17
37764 10
37785 9
37807 12
37827 10
37849 11
37869 12
37891 13
37911 8
37932 12
37953 11
37975 12
37995 13
38014 15
38037 16
38059 10
38082 14
38104 11
38124 18
38144 24
38165 12
38184 12
38207 10
38226 10
38246 14
38265 16
38285 13
38305 14
38325 15
38345 9
38368 9
38390 11
38411 9
38430 9
38453 16
38472 21
38493 13
38514 20
38534 25
38556 30
38578 12
38598 9
38620 10
38641 10
38663 10
38682 11
38702 11
38722 11
38745 11
38767 12
38790 7
38812 8
38833 8
38852 12
38875 11
38897 9
38917 11
38940 14
38961 14
38982 15
39003 13
39025 12
39046 13
39069 17
39091 12
39113 11
39133 10
39154 13
39176 12
39198 10
39217 12
39237 13
39257 12
39278 9
39299 10
39321 13
39341 12
39361 13
39380 13
39401 13
39420 15
39443 11
39465 11
39487 14
39506 15
39528 16
39549 13
39570 14
39592 11
39613 9
39634 12
39657 15
39677 11
39698 11
39718 14
39741 12
39761 15
39781 10
39800 11
39820 11
39840 12
39863 13
39884 15
39907 12
39929 12
39952 14
39974 16
39995 14
40016 12
40037 15
40057 17
40079 19
40098 19
40121 9
40140 12
40160 13
40179 10
40202 12
40221 12
40241 13
40261 16
40282 13
40304 12
40327 9
40349 11
40371 10
40391 7
40412 10
40433 9
40455 11
40476 13
40496 15
40517 17
40539 13
40559 8
40582 8
40601 9
40624 12
40645 12
40667 13
40688 12
40708 16
40728 15
40748 10
40770 11
40790 10
40809 8
40829 9
40849 8
40871 7
40890 11
40910 7
40930 11
40951 11
40972 12
40992 13
41012 13
41034 8
41055 13
41078 11
41097 11
41118 10
41140 10
41161 10
41182 6
41202 10
41223 12
41244 8
41266 6
41289 6
41311 8
41333 10
41355 7
41377 9
41399 11
41419 11
41440 10
41459 10
41480 9
41502 7
41524 10
41546 12
41567 12
41588 10
41608 11
41629 7
41649 11
41668 7
41688 8
41708 7
41728 8
41749 9
41769 7
41789 10
41808 7
41831 10
41852 9
41875 7
41897 8
41919 10
41940 10
41959 11
41981 11
42001 12
42024 8
42044 11
42066 13
42087 9
42107 10
42126 14
42148 13
42168 14
42188 9
42208 16
42230 15
42252 14
42275 16
42295 18
42317 17
42337 16
42357 18
42377 14
42398 15
42419 17
42441 14
42460 8
42480 10
42502 9
42525 10
42545 13
42565 10
42584 8
42607 7
42627 7
42647 5
42667 7
42687 6
42708 10
42728 9
42748 8
42767 9
42789 11
42810 14
42831 13
42853 10
42875 9
42897 7
42919 13
42939 13
42958 7
42980 7
43002 8
43025 9
43045 9
43068 8
43087 6
43110 7
43129 9
43152 11
43171 9
43191 10
43212 9
43233 10
43255 9
43278 8
43300 8
43323 8
43345 12
43368 11
43387 12
43408 11
43427 12
43448 11
43470 11
43490 9
43509 7
43529 8
43551 7
43571 10
43593 9
43615 9
43635 8
43658 9
43679 5
43699 11
43719 10
43740 9
43762 11
43782 10
43804 10
43826 13
43847 14
43870 10
43889 12
43912 12
43932 11
43955 10
43975 10
43995 10
44015 9
44038 8
44058 8
44078 8
44100 6
44123 7
44145 5
44165 5
44187 8
44208 9
44231 8
44250 5
44270 5
44292 7
44312 8
44334 12
44354 9
44375 10
44397 13
44418 12
44438 8
44459 12
44481 11
44501 9
44523 11
44542 11
44563 10
44583 10
44604 10
44625 12
44647 11
44667 10
44688 8
44708 8
44731 6
44753 6
44776 7
44798 12
44818 10
44840 8
44863 6
44883 7
44903 7
44924 7
44947 7
44969 8
44991 4
45010 7
45033 11
45054 13
45074 6
45096 8
45119 9
45138 9
45161 7
45183 9
45205 12
45227 9
45248 9
45267 9
45287 13
45308 10
45329 9
45350 11
45370 7
45391 9
45411 12
45433 12
45454 10
45474 9
45495 8
45516 9
45538 9
45558 9
45580 9
45602 11
45624 12
45646 8
45668 7
45691 9
45711 8
45734 8
45754 9
45774 11
45796 9
45816 10
45838 9
45860 10
45881 11
45901 7
45923 7
45943 11
45964 10
45987 9
46009 10
46030 9
46050 8
46073 8
46092 10
46114 11
46134 11
46157 9
46177 9
46200 11
46222 12
46244 14
46266 11
46287 10
46308 11
46328 10
46348 12
46368 12
46390 10
46411 9
46430 8
46451 8
46470 6
46490 9
46511 13
46532 13
46551 12
46572 10
46591 12
46614 9
46633 9
46655 9
46674 11
46694 11
46713 9
46735 9
46755 9
46775 12
46796 12
46817 12
46839 10
46860 10
46881 9
46903 11
46924 12
46945 9
46964 9
46986 10
47006 7
47026 10
47048 10
47068 10
47088 10
47110 11
47130 13
47151 15
47173 16
47194 15
47216 13
47236 9
47258 12
47280 12
47302 12
47323 12
47345 14
47367 11
47387 7
47407 7
47427 14
47449 7
47470 8
47492 9
47513 10
47534 6
47553 8
47573 9
47595 13
47618 14
47640 10
47663 9
47683 10
47705 9
47727 9
47750 9
47771 9
47791 9
47814 10
47834 10
47854 14
47875 10
47898 9
47917 11
47938 11
47960 12
47983 9
48004 13
48024 11
48045 16
48067 17
48088 65542
48110 10
48129 8
48151 15
48173 16
48196 11
48216 15
48236 17
48256 7
48277 7
48296 11
48317 12
48338 15
48359 13
48379 15
48401 20
48422 17
48442 15
48461 13
48482 14
48503 11
48526 10
48547 9
48568 11
48588 17
48611 20
48631 24
48652 15
48674 9
48697 12
48718 13
48741 18
48761 21
48784 25
48804 16
48827 13
48848 13
48871 13
48893 14
48914 16
48934 16
48956 15
