25 10579813
45 19018102
67 19018074
86 19018046
109 20280835
128 20280873
148 20280915
170 20280959
193 19017906
212 19017879
235 19017850
255 19017820
275 19017793
297 19017762
317 19017735
337 19017707
357 19017678
378 19017647
401 19017615
423 2165537
446 2165459
466 1054567
487 66
506 131
528 73
548 15
568 12
587 15
607 14
628 18
650 19
670 22
691 25
711 27
731 27
752 27
775 30
795 26
818 24
838 25
861 22
881 11
902 11
922 23
945 28
964 47
985 65
1004 43
1024 52
1045 36
1066 19
1088 28
1109 35
1129 18
1151 20
1171 15
1192 17
1214 20
1236 22
1255 18
1275 21
1296 22
1319 19
1339 17
1361 16
1382 18
1404 20
1426 16
1449 18
1471 13
1493 14
1514 11
1534 11
1553 13
1576 12
1595 13
1618 15
1639 16
1660 13
1680 13
1703 14
1723 15
1745 13
1764 12
1786 14
1807 15
1830 21
1849 21
1871 17
1893 28
1914 40
1933 36
1956 39
1975 44
1998 44
2017 43
2040 49
2060 48
2082 57
2104 64
2124 69
2145 65
2165 66
2187 71
2208 84
2228 91
2249 103
2270 82
2290 81
2310 68
2333 74
2355 59
2377 41
2399 51
2418 60
2438 35
2459 41
2482 27
2504 45
2525 79
2544 111
2567 72
2589 100
2609 124
2629 150
2649 174
2668 83
2691 91
2713 66
2736 65
2758 67
2779 55
2799 48
2821 47
2841 50
2862 43
2881 57
2901 59
2920 63
2942 48
2961 41
2983 40
3002 32
3022 30
3043 36
3064 35
3084 36
3107 43
3127 48
3148 34
3168 21
3190 17
3209 19
3231 13
3250 15
3273 17
3293 22
3315 23
3335 24
3357 24
3379 26
3400 24
3419 28
3440 30
3462 34
3483 31
3503 27
3525 28
3546 21
3569 9
3588 9
3611 11
3633 12
3653 12
3675 12
3696 13
3716 13
3738 12
3758 12
3779 19
3801 24
3822 29
3844 22
3867 19
3889 22
3910 22
3929 17
3951 20
3972 13
3992 14
4012 11
4033 10
4054 10
4074 10
4093 11
4114 13
4136 12
4158 12
4177 12
4197 13
4217 13
4238 13
4259 18
4282 15
4301 13
4323 16
4343 16
4365 13
4386 9
4406 10
4425 13
4445 15
4464 13
4486 11
4505 12
4528 12
4548 14
4570 10
4590 9
4610 10
4629 7
4649 9
4668 10
4688 10
4708 9
4730 10
4751 8
4772 8
4791 9
4814 9
4836 13
4858 12
4880 14
4903 15
4924 19
4945 20
4964 21
4987 25
5007 27
5027 29
5049 48
5070 60
5090 80
5112 68
5131 49
5153 32
5172 17
5192 15
5211 14
5233 12
5255 15
5278 18
5297 14
5318 17
5337 10
5359 13
5381 21
5404 35
5425 39
5448 38
5470 59
5492 79
5513 55
5533 68
5553 49
5576 35
5595 41
5616 24
5637 17
5658 16
5678 13
5701 13
5721 11
5741 12
5761 13
5784 12
5803 12
5823 10
5845 10
5865 8
5886 8
5909 9
5930 9
5952 7
5974 8
5996 9
6016 11
6036 12
6057 13
6077 14
6096 14
6119 14
6138 17
6161 19
6180 18
6201 18
6221 18
6244 16
6265 13
6286 15
6308 11
6329 10
6349 10
6372 8
6392 8
6414 9
6433 11
6455 11
6476 13
6499 14
6518 13
6541 14
6563 12
6585 13
6608 14
6627 12
6648 12
6669 12
6692 13
6712 13
6733 13
6755 11
6778 10
6799 9
6819 9
6841 7
6864 8
6883 10
6904 11
6925 12
6948 11
6967 15
6989 14
7009 14
7030 12
7052 15
7075 16
7094 18
7116 19
7138 21
7161 19
7181 20
7203 17
7223 19
7246 17
7267 14
7288 12
7308 11
7328 12
7350 8
7370 8
7391 7
7414 9
7436 7
7458 8
7481 10
7502 13
7524 13
7546 13
7567 14
7589 16
7609 16
7631 17
7654 16
7673 16
7694 14
7713 13
7735 10
7754 7
7777 8
7799 8
7821 9
7842 10
7862 11
7881 11
7902 13
7924 13
7945 10
7965 10
7986 12
8005 12
8027 10
8049 12
8071 12
8093 15
8114 15
8133 15
8156 16
8178 15
8200 15
8219 15
8239 15
8260 14
8283 15
8305 14
8326 14
8346 14
8366 15
8386 15
8407 14
8429 14
8452 13
8471 7
8493 8
8515 8
8536 10
8558 11
8578 11
8600 13
8620 15
8639 15
8659 14
8680 15
8701 19
8720 18
8741 20
8760 21
8780 22
8800 19
8821 21
8843 22
8863 18
8885 15
8907 12
8927 12
8949 14
8968 14
8989 13
9008 14
9028 14
9049 15
9072 16
9091 18
9111 17
9130 16
9151 15
9172 15
9193 15
9213 16
9234 13
9255 11
9278 13
9298 13
9321 13
9343 13
9366 11
9388 12
9409 9
9430 10
9451 10
9472 12
9494 13
9513 12
9533 13
9554 14
9576 15
9596 15
9619 15
9639 14
9661 13
9682 14
9704 14
9723 11
9745 11
9764 13
9784 13
9803 14
9825 12
9847 13
9870 11
9892 14
9912 12
9933 13
9954 13
9973 12
9996 13
10018 12
10039 13
10059 13
10079 13
10098 14
10121 12
10140 14
10163 13
10185 12
10208 15
10229 15
10250 13
10273 13
10293 12
10313 12
10335 13
10355 12
10376 13
10399 12
10419 13
10441 13
10460 11
10480 11
10502 10
10523 11
10542 9
10562 10
10583 10
10605 12
10625 12
10645 12
10665 11
10687 12
10708 12
10728 14
10750 15
10769 17
10789 15
10811 15
10831 17
10852 17
10875 13
10896 12
10916 9
10935 8
10955 8
10975 8
10998 9
11019 10
11040 11
11059 12
11079 14
11100 15
11123 14
11143 14
11164 15
11183 17
11204 18
11225 16
11248 19
11268 18
11290 17
11309 16
11329 15
11351 15
11373 14
11393 12
11414 10
11435 11
11456 9
11477 7
11499 11
11521 10
11543 11
11564 9
11585 11
11608 11
11630 12
11651 12
11670 14
11690 13
11712 14
11735 14
11757 15
11777 16
11799 14
11821 13
11840 15
11860 15
11880 15
11903 11
11925 11
11947 10
11968 9
11991 9
12010 21
12032 35
12051 26
12072 12
12091 13
12114 25
12133 22
12155 34
12174 40
12194 24
12213 31
12235 35
12255 42
12275 42
12294 30
12317 32
12337 22
12358 23
12378 26
12401 24
12423 26
12443 28
12464 23
12486 18
12506 19
12527 15
12546 15
12569 12
12590 14
12611 13
12630 13
12652 13
12674 12
12695 13
12714 13
12734 13
12755 14
12778 14
12800 16
12821 16
12841 19
12862 18
12881 14
12902 15
12924 10
12944 11
12966 10
12986 9
13006 8
13029 6
13049 7
13071 9
13090 10
13112 12
13131 12
13154 11
13174 14
13194 15
13214 12
13236 13
13256 16
13276 23
13298 17
13319 22
13338 16
13361 21
13381 15
13403 17
13425 14
13445 10
13465 13
13487 13
13508 13
13530 12
13552 15
13574 16
13593 16
13616 18
13636 16
13657 16
13677 18
13700 17
13719 16
13739 13
13761 9
13781 8
13802 8
13824 7
13844 6
13867 7
13889 7
13912 9
13933 8
13956 9
13975 12
13995 9
14014 11
14036 11
14055 12
14077 13
14099 11
14121 11
14141 11
14161 12
14181 12
14203 11
14222 11
14245 12
14265 14
14286 13
14305 14
14325 10
14344 12
14367 12
14386 11
14407 11
14428 12
14450 11
14470 10
14493 11
14515 11
14536 11
14557 10
14579 14
14600 9
14621 10
14640 13
14662 18
14684 21
14704 25
14723 19
14743 21
14763 19
14785 16
14807 15
14828 14
14850 13
14871 13
14890 10
14912 13
14932 12
14952 19
14973 25
14996 16
15015 17
15035 16
15057 18
15078 16
15097 17
15120 21
15139 21
15159 21
15181 21
15203 23
15223 25
15244 22
15265 15
15285 12
15306 11
15329 12
15348 12
15368 19
15390 27
15410 29
15431 34
15451 36
15470 44
15493 42
15515 44
15535 37
15555 28
15576 29
15596 30
15616 28
15638 25
15661 17
15683 17
15706 19
15727 18
15747 24
15767 29
15788 30
15809 33
15831 34
15850 34
15872 28
15892 22
15914 20
15933 17
15956 37
15977 60
16000 45
16019 69
16041 96
16061 121
16083 149
16103 42
16125 52
16145 51
16166 44
16185 29
16208 30
16228 31
16248 32
16267 30
16287 32
16308 36
16331 37
16352 38
16372 38
16394 34
16416 38
16439 30
16459 24
16481 17
16503 9
16525 9
16546 10
16569 13
16590 12
16612 9
16631 11
16654 14
16674 12
16697 25
16718 29
16739 44
16758 37
16779 33
16801 37
16822 36
16843 31
16863 33
16884 24
16907 17
16926 17
16948 16
16969 17
16992 15
17013 15
17035 12
17057 13
17079 12
17099 12
17119 11
17141 8
17164 9
17185 9
17208 10
17229 11
17250 11
17269 13
17291 13
17313 13
17334 16
17355 17
17377 17
17399 16
17420 17
17442 17
17464 14
17485 14
17506 10
17526 10
17548 9
17570 7
17590 8
17611 7
17633 6
17655 9
17677 9
17698 10
17718 11
17739 11
17758 12
17781 10
17800 10
17823 11
17844 13
17867 15
17887 16
17910 17
17932 16
17952 17
17973 16
17996 14
18016 16
18039 11
18058 7
18078 9
18100 10
18121 13
18141 14
18162 14
18182 12
18202 10
18224 11
18246 11
18268 10
18288 9
18308 10
18329 12
18351 13
18371 12
18393 13
18415 14
18435 14
18456 14
18477 16
18497 16
18517 15
18538 16
18559 16
18580 17
18601 16
18624 19
18646 14
18668 13
18690 14
18712 13
18732 13
18754 12
18775 10
18794 7
18817 7
18839 9
18861 6
18882 8
18904 8
18925 9
18946 11
18965 13
18988 13
19009 15
19029 16
19048 16
19068 14
19087 17
19108 15
19130 19
19151 17
19173 15
19194 15
19213 15
19234 10
19256 10
19276 11
19297 9
19318 9
19338 12
19358 12
19379 11
19401 11
19421 11
19442 10
19464 10
19485 12
19506 14
19527 15
19546 14
19568 15
19590 17
19611 15
19633 15
19653 18
19675 17
19697 16
19718 16
19740 17
19762 16
19783 17
19805 16
19827 12
19849 8
19872 10
19893 9
19915 8
19934 9
19956 9
19976 10
19999 13
20018 11
20041 13
20061 13
20083 14
20105 15
20127 15
20150 16
20171 14
20192 15
20213 12
20234 13
20253 11
20274 8
20294 8
20316 7
20335 7
20355 10
20377 11
20398 12
20418 12
20439 12
20461 12
20484 10
20505 9
20526 10
20548 9
20569 10
20589 10
20611 9
20631 8
20651 10
20670 9
20691 9
20710 10
20731 12
20752 12
20773 14
20795 15
20818 14
20839 15
20859 15
20878 15
20901 12
20923 12
20943 11
20964 10
20987 11
21008 9
21031 8
21051 9
21072 10
21093 14
21115 13
21134 14
21156 19
21176 14
21196 12
21216 8
21236 10
21258 9
21281 10
21303 13
21326 14
21346 16
21368 16
21390 16
21413 19
21435 18
21456 15
21478 10
21500 12
21522 12
21541 10
21563 12
21583 12
21603 13
21624 15
21646 16
21666 19
21688 22
21708 24
21728 23
21749 32
21770 36
21792 40
21812 35
21832 30
21851 25
21872 38
21892 36
21912 42
21933 38
21955 44
21976 44
21997 36
22018 43
22041 40
22062 45
22082 51
22102 58
22125 60
22147 70
22166 66
22186 73
22208 68
22231 71
22253 57
22274 59
22295 48
22315 22
22335 23
22357 45
22376 66
22399 51
22420 67
22441 58
22463 68
22484 62
22504 68
22526 74
22545 81
22568 72
22587 88
22607 93
22629 100
22649 98
22668 94
22690 85
22709 90
22730 88
22752 63
22775 74
22797 74
22819 68
22841 67
22864 83
22885 98
22905 69
22924 78
22945 53
22965 42
22986 40
23005 44
23026 18
23047 17
23069 16
23088 19
23109 23
23128 19
23148 24
23167 22
23188 19
23210 21
23232 21
23252 22
23275 21
23296 26
23319 26
23340 24
23361 23
23380 25
23401 19
23423 20
23445 13
23466 13
23487 9
23508 11
23531 11
23552 12
23574 16
23593 16
23614 17
23633 15
23656 14
23677 15
23699 15
23720 14
23742 18
23764 18
23786 18
23807 15
23829 45
23850 55
23873 49
23895 82
23917 80
23940 52
23960 59
23981 43
24003 30
24023 20
24044 24
24067 24
24087 56
24108 72
24129 70
24149 99
24171 73
24193 100
24214 122
24235 96
24255 81
24275 63
24297 53
24319 57
24341 39
24362 15
24384 16
24407 17
24428 21
24450 15
24471 12
24492 14
24514 20
24534 19
24553 14
24576 18
24596 12
24619 16
24641 18
24664 12
24686 13
24708 16
24729 18
24750 12
24769 13
24789 12
24811 11
24831 12
24850 10
24872 7
24892 6
24912 7
24932 8
24953 7
24973 8
24994 10
25015 11
25037 10
25059 11
25082 13
25102 22
25122 20
25142 21
25165 46
25186 64
25206 28
25246 40
25265 44
25287 41
25307 36
25327 37
25348 28
25368 28
25390 29
25410 29
25432 28
25452 26
25471 16
25493 18
25513 18
25533 18
25553 22
25573 24
25595 17
25618 15
25637 15
25657 17
25678 18
25699 15
25718 15
25739 17
25760 15
25780 19
25802 19
25823 26
25843 23
25865 18
25887 18
25907 69
25928 127
25951 21
25971 24
25993 26
26013 17
26034 17
26056 15
26077 15
26097 15
26118 13
26138 12
26161 11
26181 11
26201 10
26221 10
26241 10
26262 10
26282 12
26301 12
26321 12
26342 14
26364 14
26384 15
26407 15
26427 15
26449 14
26469 14
26490 16
26509 15
26531 13
26552 14
26572 14
26594 16
26615 20
26634 17
26657 13
26676 15
26696 15
26716 18
26739 18
26759 19
26779 19
26801 10
26824 12
26844 12
26864 10
26884 9
26905 12
26925 14
26946 12
26967 12
26990 13
27012 14
27035 15
27057 12
27078 12
27098 14
27119 9
27141 8
27164 11
27183 11
27203 12
27222 11
27242 13
27262 14
27282 18
27301 20
27321 15
27342 18
27365 22
27387 16
27409 19
27431 18
27454 20
27476 21
27497 25
27519 22
27539 18
27558 21
27581 19
27600 15
27621 18
27640 16
27660 16
27680 16
27703 15
27724 15
27747 16
27767 13
27788 11
27809 9
27830 9
27850 9
27871 8
27893 7
27913 8
27932 8
27955 8
27974 9
27994 9
28015 10
28038 10
28058 10
28079 11
28101 10
28123 11
28144 12
28166 14
28186 16
28208 18
28228 20
28249 18
28269 19
28290 18
28309 18
28329 18
28349 18
28371 19
28393 14
28414 12
28436 12
28458 13
28477 11
28498 12
28520 13
28541 13
28561 13
28583 11
28604 12
28624 12
28643 12
28664 13
28686 11
28708 11
28730 11
28752 9
28773 10
28793 10
28813 10
28833 10
28853 13
28873 12
28894 14
28916 14
28938 14
28960 14
28980 15
29000 14
29020 15
29042 15
29065 15
29084 12
29104 13
29126 12
29149 10
29171 11
29192 11
29211 11
29233 11
29254 11
29275 11
29296 11
29317 11
29337 11
29357 12
29376 10
29397 10
29418 18
29441 18
29461 20
29481 21
29500 21
29521 25
29541 24
29563 16
29584 17
29605 15
29627 15
29649 14
29671 14
29693 12
29715 11
29738 14
29757 16
29778 14
29797 11
29819 13
29838 10
29860 9
29881 9
29904 8
29923 10
29944 9
29966 10
29989 12
30011 8
30031 10
30050 12
30071 15
30093 14
30114 13
30133 13
30156 12
30175 12
30197 13
30218 14
30241 15
30262 11
30285 12
30304 10
30324 9
30344 9
30366 10
30385 11
30406 13
30426 10
30447 10
30466 12
30488 13
30508 14
30531 13
30550 14
30573 12
30594 15
30615 14
30637 16
30657 15
30677 14
30697 15
30717 12
30740 12
30761 10
30781 9
30801 10
30822 10
30844 10
30864 10
30885 11
30908 12
30930 11
30951 15
30971 18
30994 17
31015 20
31035 14
31057 15
31079 15
31101 16
31124 16
31146 18
31167 18
31190 18
31211 19
31233 20
31255 17
31277 15
31296 10
31317 13
31338 10
31359 11
31378 8
31401 9
31420 10
31442 10
31463 9
31486 9
31505 9
31526 10
31547 8
31568 10
31590 9
31612 10
31633 8
31656 10
31675 11
31695 13
31717 15
31737 15
31758 15
31778 17
31797 13
31820 15
31839 12
31860 11
31881 11
31902 9
31923 7
31945 8
31964 11
31987 10
32009 11
32032 13
32051 14
32072 12
32092 17
32114 14
32133 12
32153 14
32172 14
32193 14
32214 14
32235 11
32257 10
32277 11
32299 10
32321 10
32341 9
32361 9
32380 10
32403 9
32423 8
32446 9
32465 9
32486 10
32506 8
32526 9
32547 10
32569 11
32591 11
32613 11
32634 12
32654 13
32676 12
32699 13
32719 13
32742 13
32763 17
32785 18
32805 18
32825 17
32846 18
32866 18
32886 19
32907 17
32929 17
32952 16
32973 14
32995 12
33016 11
33039 9
33060 9
33081 9
33100 10
33123 10
33142 10
33165 9
33186 10
33208 10
33229 9
33249 10
33271 11
33291 12
33311 13
33332 12
33354 12
33374 12
33396 12
33416 14
33438 16
33458 18
33477 18
33500 19
33522 16
33544 16
33567 14
33588 11
33609 8
33631 7
33651 9
33671 8
33691 7
33711 9
33734 10
33755 12
33778 13
33797 11
33820 15
33839 15
33861 17
33883 20
33905 17
33926 17
33946 13
33968 13
33991 15
34012 14
34035 17
34054 16
34074 16
34094 17
34117 16
34138 15
34158 12
34179 11
34201 12
34221 12
34241 13
34260 14
34283 16
34304 15
34327 16
34348 17
34370 20
34392 19
34412 20
34431 21
34451 21
34473 20
34496 20
34518 21
34540 16
34559 13
34579 12
34600 10
34622 9
34644 12
34666 14
34689 12
34708 13
34730 10
34750 12
34770 11
34792 11
34812 11
34833 10
34853 10
34875 10
34898 10
34919 11
34941 8
34960 9
34982 11
35002 12
35024 12
35045 11
35067 12
35087 12
35110 13
35129 13
35149 10
35168 10
35191 12
35213 11
35233 10
35252 9
35272 12
35292 11
35315 10
35334 12
35356 11
35375 12
35396 11
35418 13
35438 11
35458 11
35479 13
35501 12
35521 12
35541 12
35562 12
35583 13
35603 12
35625 12
35644 10
35666 10
35685 11
35707 10
35729 10
35750 9
35770 7
35791 8
35814 7
35836 7
35856 7
35877 9
35897 11
35917 9
35939 11
35958 12
35979 11
36001 12
36021 13
36041 14
36061 15
36081 16
36101 16
36124 16
36145 20
36167 18
36190 16
36211 17
36232 14
36253 13
36273 12
36295 11
36318 12
36338 13
36358 11
36379 11
36399 10
36420 10
36440 9
36459 9
36482 9
36502 10
36524 10
36544 11
36565 12
36587 13
36609 14
36628 14
36649 15
36668 16
36691 15
36712 15
36735 15
36754 12
36774 10
36793 10
36815 8
36836 8
36857 9
36879 9
36902 11
36922 11
36945 13
36965 14
36986 14
37006 14
37026 15
37047 19
37067 19
37089 18
37112 19
37134 20
37156 17
37178 18
37199 18
37221 14
37243 13
37264 15
37287 12
37309 11
37332 11
37351 13
37373 11
37393 12
37414 10
37433 11
37453 14
37472 12
37494 13
37514 14
37535 14
37554 16
37574 15
37594 12
37615 14
37637 15
37657 14
37677 16
37699 16
37721 17
37742 17
37764 15
37785 15
37807 13
37827 14
37849 12
37869 12
37891 12
37911 9
37932 8
37953 8
37975 12
37995 12
38014 11
38037 13
38059 15
38082 16
38104 16
38124 22
38144 28
38165 22
38184 18
38207 16
38226 17
38246 17
38265 18
38285 16
38305 18
38325 17
38345 11
38368 11
38390 10
38411 7
38430 6
38453 8
38472 6
38493 6
38514 8
38534 9
38556 8
38578 11
38598 11
38620 10
38641 13
38663 14
38682 14
38702 14
38722 14
38745 16
38767 16
38790 19
38812 14
38833 12
38852 13
38875 11
38897 9
38917 11
38940 9
38961 8
38982 8
39003 8
39025 9
39046 9
39069 12
39091 13
39113 11
39133 11
39154 12
39176 12
39198 12
39217 12
39237 14
39257 15
39278 13
39299 12
39321 12
39341 16
39361 13
39380 13
39401 14
39420 15
39443 15
39465 15
39487 16
39506 18
39528 17
39549 14
39570 16
39592 13
39613 11
39634 10
39657 12
39677 11
39698 10
39718 11
39741 12
39761 11
39781 13
39800 14
39820 14
39840 16
39863 15
39884 15
39907 16
39929 13
39952 14
39974 15
39995 14
40016 16
40037 16
40057 16
40079 17
40098 18
40121 12
40140 10
40160 10
40179 8
40202 9
40221 10
40241 7
40261 9
40282 9
40304 10
40327 11
40349 12
40371 12
40391 13
40412 13
40433 15
40455 14
40476 15
40496 16
40517 16
40539 15
40559 16
40582 12
40601 11
40624 11
40645 8
40667 8
40688 9
40708 7
40728 10
40748 13
40770 13
40790 16
40809 15
40829 15
40849 16
40871 17
40890 15
40910 15
40930 11
40951 11
40972 12
40992 13
41012 13
41034 9
41055 12
41078 12
41097 12
41118 13
41140 13
41161 13
41182 13
41202 14
41223 16
41244 13
41266 13
41289 10
41311 10
41333 12
41355 11
41377 11
41399 11
41419 12
41440 10
41459 10
41480 11
41502 12
41524 12
41546 14
41567 12
41588 11
41608 11
41629 13
41649 10
41668 8
41688 10
41708 12
41728 11
41749 11
41769 12
41789 11
41808 13
41831 14
41852 14
41875 15
41897 15
41919 16
41940 16
41959 17
41981 19
42001 20
42024 15
42044 16
42066 16
42087 14
42107 14
42126 16
42148 18
42168 17
42188 18
42208 22
42230 25
42252 25
42275 27
42295 28
42317 30
42337 19
42357 27
42377 30
42398 32
42419 24
42441 24
42460 14
42480 15
42502 20
42525 21
42545 30
42565 22
42584 28
42607 28
42627 30
42647 32
42667 34
42687 37
42708 35
42728 36
42748 38
42767 40
42789 31
42810 19
42831 18
42853 15
42875 12
42897 17
42919 16
42939 13
42958 15
42980 18
43002 16
43025 15
43045 13
43068 11
43087 13
43110 12
43129 11
43152 9
43171 10
43191 11
43212 11
43233 11
43255 10
43278 11
43300 8
43323 10
43345 7
43368 9
43387 9
43408 10
43427 9
43448 9
43470 9
43490 11
43509 11
43529 13
43551 13
43571 14
43593 12
43615 13
43635 13
43658 14
43679 13
43699 12
43719 12
43740 11
43762 9
43782 8
43804 9
43826 9
43847 11
43870 11
43889 10
43912 9
43932 10
43955 15
43975 17
43995 19
44015 18
44038 18
44058 19
44078 20
44100 21
44123 21
44145 14
44165 13
44187 9
44208 6
44231 5
44250 4
44270 6
44292 7
44312 6
44334 6
44354 6
44375 10
44397 12
44418 10
44438 11
44459 14
44481 15
44501 17
44523 16
44542 17
44563 19
44583 20
44604 18
44625 16
44647 17
44667 17
44688 12
44708 12
44731 7
44753 9
44776 10
44798 9
44818 11
44840 11
44863 11
44883 12
44903 13
44924 13
44947 12
44969 14
44991 9
45010 9
45033 7
45054 6
45074 9
45096 9
45119 11
45138 11
45161 11
45183 13
45205 12
45227 15
45248 14
45267 15
45287 16
45308 12
45329 11
45350 10
45370 9
45391 7
45411 9
45433 9
45454 10
45474 10
45495 12
45516 14
45538 14
45558 16
45580 13
45602 11
45624 14
45646 13
45668 12
45691 16
45711 15
45734 15
45754 15
45774 14
45796 11
45816 11
45838 11
45860 8
45881 10
45901 7
45923 6
45943 7
45964 8
45987 8
46009 9
46030 8
46050 9
46073 10
46092 10
46114 11
46134 10
46157 11
46177 12
46200 12
46222 11
46244 11
46266 11
46287 13
46308 13
46328 14
46348 16
46368 19
46390 18
46411 18
46430 20
46451 18
46470 18
46490 19
46511 21
46532 18
46551 15
46572 9
46591 11
46614 10
46633 11
46655 10
46674 12
46694 14
46713 13
46735 16
46755 17
46775 18
46796 18
46817 20
46839 20
46860 18
46881 18
46903 18
46924 16
46945 18
46964 16
46986 15
47006 15
47026 16
47048 13
47068 14
47088 12
47110 13
47130 13
47151 12
47173 15
47194 15
47216 16
47236 16
47258 15
47280 15
47302 11
47323 12
47345 16
47367 14
47387 13
47407 14
47427 11
47449 15
47470 11
47492 9
47513 7
47534 12
47553 14
47573 19
47595 23
47618 25
47640 21
47663 19
47683 14
47705 14
47727 15
47750 20
47771 17
47791 13
47814 15
47834 14
47854 14
47875 12
47898 11
47917 13
47938 13
47960 11
47983 15
48004 13
48024 16
48045 17
48067 21
48088 23
48110 23
48129 27
48151 33
48173 33
48196 23
48216 28
48236 29
48256 19
48277 18
48296 19
48317 20
48338 18
48359 15
48379 15
48401 14
48422 14
48442 17
48461 13
48482 12
48503 14
48526 12
48547 12
48568 12
48588 11
48611 9
48631 10
48652 10
48674 9
48697 9
48718 10
48741 11
48761 11
48784 13
48804 13
48827 12
48848 14
48871 14
48893 15
48914 17
48934 17
48956 16
