25 10579813
45 19018102
67 17902740
86 17902778
109 17903172
128 17903361
148 17903552
170 16968863
193 16969079
212 16969265
235 16969481
255 13624562
275 13624701
297 13624862
317 13624999
337 13625147
357 10579695
378 10579939
401 10580200
423 5319533
446 5319727
466 5319907
487 1054757
506 1054960
528 1055183
548 1055390
568 204
587 404
607 48
628 55
650 55
670 60
691 58
711 59
731 64
752 65
775 64
795 63
818 55
838 63
861 65
881 60
902 79
922 77
945 73
964 64
985 68
1004 73
1024 94
1045 116
1066 128
1088 152
1109 167
1129 190
1151 204
1171 225
1192 244
1214 223
1236 179
1255 147
1275 156
1296 147
1319 87
1339 72
1361 83
1382 100
1404 125
1426 143
1449 174
1471 208
1493 239
1514 201
1534 162
1553 175
1576 126
1595 89
1618 59
1639 38
1660 20
1680 24
1703 38
1723 34
1745 44
1764 32
1786 30
1807 34
1830 28
1849 22
1871 29
1893 50
1914 69
1933 53
1956 65
1975 63
1998 71
2017 77
2040 85
2060 52
2082 35
2104 36
2124 18
2145 16
2165 17
2187 17
2208 19
2228 23
2249 18
2270 16
2290 17
2310 22
2333 21
2355 16
2377 16
2399 16
2418 17
2438 17
2459 22
2482 25
2504 65
2525 71
2544 102
2567 87
2589 63
2609 48
2629 63
2649 75
2668 47
2691 55
2713 49
2736 44
2758 37
2779 38
2799 41
2821 33
2841 34
2862 28
2881 29
2901 30
2920 30
2942 26
2961 29
2983 27
3002 30
3022 31
3043 35
3064 47
3084 47
3107 73
3127 108
3148 118
3168 138
3190 153
3209 165
3231 176
3250 188
3273 201
3293 208
3315 200
3335 226
3357 210
3379 170
3400 145
3419 148
3440 91
3462 78
3483 58
3503 84
3525 88
3546 80
3569 102
3588 74
3611 91
3633 108
3653 95
3675 74
3696 85
3716 91
3738 73
3758 56
3779 41
3801 39
3822 36
3844 42
3867 42
3889 55
3910 63
3929 75
3951 71
3972 59
3992 62
4012 45
4033 43
4054 35
4074 41
4093 44
4114 53
4136 41
4158 51
4177 61
4197 61
4217 72
4238 80
4259 78
4282 89
4301 85
4323 77
4343 78
4365 87
4386 59
4406 43
4425 26
4445 21
4464 28
4486 27
4505 32
4528 34
4548 27
4570 30
4590 33
4610 40
4629 43
4649 51
4668 58
4688 65
4708 76
4730 79
4751 77
4772 70
4791 76
4814 63
4836 65
4858 47
4880 44
4903 20
4924 20
4945 19
4964 12
4987 13
5007 15
5027 18
5049 32
5070 46
5090 66
5112 70
5131 73
5153 75
5172 73
5192 78
5211 86
5233 86
5255 83
5278 71
5297 58
5318 58
5337 59
5359 64
5381 67
5404 66
5425 74
5448 82
5470 108
5492 124
5513 149
5533 153
5553 163
5576 189
5595 192
5616 214
5637 251
5658 257
5678 244
5701 200
5721 215
5741 230
5761 112
5784 111
5803 130
5823 154
5845 180
5865 199
5886 246
5909 279
5930 281
5952 249
5974 285
5996 314
6016 192
6036 101
6057 100
6077 46
6096 59
6119 77
6138 94
6161 71
6180 51
6201 63
6221 42
6244 22
6265 29
6286 36
6308 33
6329 42
6349 43
6372 40
6392 46
6414 38
6433 30
6455 17
6476 17
6499 12
6518 13
6541 13
6563 16
6585 17
6608 19
6627 19
6648 19
6669 23
6692 21
6712 21
6733 22
6755 22
6778 22
6799 24
6819 23
6841 26
6864 21
6883 18
6904 20
6925 20
6948 17
6967 15
6989 12
7009 14
7030 14
7052 15
7075 15
7094 15
7116 16
7138 16
7161 15
7181 17
7203 19
7223 20
7246 18
7267 20
7288 19
7308 19
7328 21
7350 20
7370 20
7391 21
7414 22
7436 24
7458 22
7481 22
7502 23
7524 23
7546 18
7567 16
7589 14
7609 13
7631 16
7654 14
7673 13
7694 16
7713 15
7735 16
7754 16
7777 18
7799 17
7821 16
7842 17
7862 16
7881 16
7902 16
7924 18
7945 19
7965 18
7986 20
8005 20
8027 18
8049 19
8071 18
8093 16
8114 16
8133 15
8156 14
8178 15
8200 13
8219 13
8239 13
8260 15
8283 16
8305 16
8326 16
8346 17
8366 13
8386 12
8407 12
8429 10
8452 11
8471 13
8493 15
8515 14
8536 15
8558 14
8578 14
8600 15
8620 16
8639 15
8659 16
8680 16
8701 15
8720 16
8741 16
8760 17
8780 18
8800 18
8821 16
8843 16
8863 16
8885 15
8907 13
8927 13
8949 12
8968 11
8989 14
9008 14
9028 15
9049 17
9072 20
9091 21
9111 23
9130 22
9151 24
9172 23
9193 22
9213 23
9234 22
9255 21
9278 17
9298 17
9321 15
9343 13
9366 12
9388 12
9409 10
9430 12
9451 13
9472 12
9494 16
9513 17
9533 19
9554 19
9576 21
9596 24
9619 20
9639 23
9661 20
9682 21
9704 17
9723 17
9745 14
9764 15
9784 13
9803 12
9825 12
9847 12
9870 14
9892 16
9912 17
9933 17
9954 20
9973 19
9996 19
10018 20
10039 19
10059 21
10079 20
10098 20
10121 19
10140 18
10163 16
10185 17
10208 15
10229 14
10250 14
10273 14
10293 14
10313 15
10335 17
10355 18
10376 18
10399 19
10419 19
10441 16
10460 15
10480 12
10502 13
10523 12
10542 11
10562 12
10583 11
10605 14
10625 14
10645 15
10665 15
10687 18
10708 21
10728 19
10750 16
10769 17
10789 16
10811 14
10831 13
10852 17
10875 17
10896 17
10916 17
10935 15
10955 17
10975 18
10998 20
11019 20
11040 19
11059 16
11079 16
11100 16
11123 16
11143 17
11164 17
11183 15
11204 17
11225 17
11248 14
11268 15
11290 17
11309 18
11329 17
11351 18
11373 17
11393 19
11414 19
11435 19
11456 20
11477 19
11499 19
11521 16
11543 15
11564 15
11585 14
11608 11
11630 14
11651 12
11670 12
11690 13
11712 13
11735 12
11757 14
11777 16
11799 15
11821 17
11840 16
11860 17
11880 17
11903 16
11925 15
11947 15
11968 17
11991 17
12010 18
12032 18
12051 18
12072 17
12091 17
12114 21
12133 25
12155 35
12174 36
12194 35
12213 41
12235 33
12255 21
12275 24
12294 16
12317 17
12337 18
12358 18
12378 15
12401 18
12423 18
12443 19
12464 20
12486 20
12506 23
12527 21
12546 18
12569 19
12590 18
12611 19
12630 16
12652 16
12674 14
12695 13
12714 14
12734 13
12755 15
12778 18
12800 19
12821 20
12841 21
12862 23
12881 22
12902 25
12924 19
12944 20
12966 20
12986 18
13006 19
13029 21
13049 17
13071 16
13090 14
13112 13
13131 14
13154 15
13174 17
13194 17
13214 19
13236 21
13256 30
13276 29
13298 25
13319 20
13338 20
13361 16
13381 16
13403 16
13425 16
13445 19
13465 17
13487 18
13508 18
13530 18
13552 21
13574 18
13593 19
13616 18
13636 16
13657 19
13677 19
13700 17
13719 17
13739 18
13761 19
13781 21
13802 20
13824 21
13844 22
13867 21
13889 21
13912 21
13933 18
13956 13
13975 14
13995 15
14014 16
14036 19
14055 19
14077 20
14099 24
14121 26
14141 28
14161 34
14181 34
14203 32
14222 32
14245 26
14265 24
14286 24
14305 19
14325 20
14344 20
14367 20
14386 19
14407 20
14428 20
14450 42
14470 69
14493 80
14515 114
14536 147
14557 161
14579 189
14600 216
14621 233
14640 242
14662 242
14684 261
14704 220
14723 173
14743 180
14763 193
14785 146
14807 105
14828 94
14850 93
14871 103
14890 122
14912 136
14932 156
14952 139
14973 120
14996 82
15015 88
15035 45
15057 51
15078 68
15097 70
15120 107
15139 135
15159 103
15181 124
15203 84
15223 44
15244 46
15265 50
15285 51
15306 17
15329 27
15348 35
15368 46
15390 39
15410 29
15431 33
15451 24
15470 14
15493 10
15515 11
15535 13
15555 12
15576 14
15596 11
15616 13
15638 14
15661 7
15683 10
15706 13
15727 15
15747 17
15767 20
15788 23
15809 26
15831 30
15850 33
15872 36
15892 36
15914 33
15933 43
15956 43
15977 65
16000 64
16019 56
16041 40
16061 55
16083 71
16103 39
16125 39
16145 40
16166 28
16185 21
16208 20
16228 15
16248 14
16267 8
16287 7
16308 8
16331 8
16352 7
16372 7
16394 9
16416 9
16439 13
16459 10
16481 13
16503 12
16525 12
16546 15
16569 13
16590 13
16612 14
16631 16
16654 15
16674 16
16697 31
16718 38
16739 52
16758 44
16779 36
16801 27
16822 34
16843 41
16863 17
16884 15
16907 14
16926 12
16948 12
16969 8
16992 7
17013 9
17035 10
17057 14
17079 15
17099 19
17119 20
17141 22
17164 23
17185 24
17208 28
17229 29
17250 30
17269 31
17291 26
17313 24
17334 20
17355 19
17377 19
17399 13
17420 12
17442 9
17464 12
17485 11
17506 12
17526 14
17548 15
17570 16
17590 18
17611 17
17633 18
17655 17
17677 16
17698 16
17718 14
17739 14
17758 12
17781 8
17800 8
17823 10
17844 11
17867 11
17887 12
17910 12
17932 11
17952 11
17973 13
17996 15
18016 16
18039 17
18058 19
18078 23
18100 20
18121 19
18141 21
18162 16
18182 18
18202 18
18224 14
18246 16
18268 17
18288 15
18308 16
18329 15
18351 20
18371 19
18393 21
18415 22
18435 19
18456 20
18477 20
18497 18
18517 18
18538 17
18559 15
18580 20
18601 19
18624 19
18646 15
18668 15
18690 13
18712 11
18732 13
18754 12
18775 12
18794 11
18817 11
18839 13
18861 13
18882 13
18904 16
18925 17
18946 18
18965 19
18988 19
19009 19
19029 19
19048 21
19068 23
19087 23
19108 23
19130 23
19151 20
19173 20
19194 19
19213 15
19234 15
19256 16
19276 13
19297 15
19318 12
19338 12
19358 11
19379 14
19401 13
19421 12
19442 11
19464 12
19485 12
19506 11
19527 11
19546 11
19568 12
19590 11
19611 10
19633 12
19653 14
19675 14
19697 15
19718 16
19740 14
19762 14
19783 11
19805 10
19827 12
19849 13
19872 13
19893 12
19915 14
19934 15
19956 16
19976 15
19999 17
20018 21
20041 21
20061 20
20083 20
20105 21
20127 18
20150 18
20171 16
20192 15
20213 15
20234 13
20253 14
20274 12
20294 15
20316 16
20335 18
20355 21
20377 23
20398 23
20418 28
20439 28
20461 30
20484 34
20505 35
20526 35
20548 34
20569 35
20589 37
20611 34
20631 36
20651 29
20670 30
20691 27
20710 20
20731 21
20752 20
20773 15
20795 12
20818 12
20839 11
20859 10
20878 9
20901 9
20923 9
20943 15
20964 17
20987 24
21008 31
21031 34
21051 38
21072 39
21093 38
21115 37
21134 35
21156 32
21176 29
21196 24
21216 26
21236 25
21258 31
21281 38
21303 37
21326 43
21346 51
21368 45
21390 43
21413 41
21435 44
21456 46
21478 35
21500 27
21522 28
21541 31
21563 32
21583 38
21603 43
21624 46
21646 52
21666 52
21688 45
21708 31
21728 31
21749 10
21770 26
21792 32
21812 23
21832 27
21851 32
21872 34
21892 31
21912 29
21933 35
21955 39
21976 47
21997 38
22018 46
22041 39
22062 39
22082 42
22102 32
22125 25
22147 27
22166 27
22186 22
22208 20
22231 22
22253 20
22274 15
22295 28
22315 31
22335 46
22357 78
22376 88
22399 100
22420 105
22441 119
22463 124
22484 137
22504 149
22526 138
22545 146
22568 161
22587 129
22607 91
22629 65
22649 63
22668 62
22690 29
22709 23
22730 39
22752 61
22775 77
22797 90
22819 109
22841 131
22864 130
22885 141
22905 128
22924 131
22945 113
22965 120
22986 100
23005 83
23026 90
23047 71
23069 35
23088 31
23109 40
23128 55
23148 62
23167 85
23188 105
23210 114
23232 133
23252 153
23275 175
23296 136
23319 105
23340 82
23361 86
23380 58
23401 58
23423 35
23445 16
23466 17
23487 21
23508 21
23531 17
23552 11
23574 10
23593 12
23614 16
23633 20
23656 20
23677 23
23699 26
23720 27
23742 29
23764 28
23786 25
23807 25
23829 26
23850 22
23873 25
23895 23
23917 27
23940 52
23960 57
23981 53
24003 37
24023 34
24044 31
24067 32
24087 46
24108 77
24129 91
24149 122
24171 105
24193 131
24214 83
24235 102
24255 59
24275 66
24297 51
24319 41
24341 37
24362 44
24384 42
24407 23
24428 29
24450 33
24471 36
24492 39
24514 39
24534 39
24553 45
24576 42
24596 33
24619 29
24641 33
24664 28
24686 26
24708 24
24729 23
24750 19
24769 17
24789 13
24811 16
24831 17
24850 9
24872 10
24892 14
24912 11
24932 14
24953 17
24973 20
24994 22
25015 23
25037 25
25059 25
25082 27
25102 32
25122 35
25142 39
25165 35
25186 29
25206 28
25246 21
25265 14
25287 11
25307 12
25327 25
25348 20
25368 22
25390 22
25410 29
25432 32
25452 22
25471 21
25493 13
25513 15
25533 16
25553 22
25573 19
25595 23
25618 25
25637 28
25657 29
25678 33
25699 35
25718 30
25739 25
25760 28
25780 28
25802 24
25823 18
25843 59
25865 16
25887 18
25907 24
25928 22
25951 23
25971 22
25993 27
26013 24
26034 27
26056 29
26077 33
26097 32
26118 36
26138 43
26161 43
26181 42
26201 48
26221 38
26241 30
26262 31
26282 22
26301 20
26321 13
26342 9
26364 9
26384 8
26407 9
26427 11
26449 14
26469 8
26490 8
26509 7
26531 7
26552 7
26572 9
26594 17
26615 17
26634 21
26657 23
26676 28
26696 29
26716 33
26739 34
26759 36
26779 39
26801 39
26824 40
26844 37
26864 30
26884 32
26905 34
26925 28
26946 17
26967 13
26990 19
27012 21
27035 26
27057 31
27078 32
27098 33
27119 36
27141 42
27164 44
27183 45
27203 48
27222 40
27242 41
27262 29
27282 33
27301 34
27321 22
27342 22
27365 24
27387 18
27409 25
27431 19
27454 21
27476 19
27497 15
27519 15
27539 16
27558 19
27581 20
27600 19
27621 21
27640 22
27660 22
27680 26
27703 29
27724 34
27747 32
27767 33
27788 29
27809 19
27830 22
27850 27
27871 31
27893 44
27913 60
27932 68
27955 82
27974 98
27994 109
28015 106
28038 101
28058 94
28079 86
28101 92
28123 74
28144 75
28166 53
28186 31
28208 17
28228 15
28249 12
28269 14
28290 15
28309 18
28329 23
28349 22
28371 20
28393 28
28414 23
28436 16
28458 23
28477 14
28498 14
28520 16
28541 17
28561 22
28583 26
28604 29
28624 32
28643 34
28664 33
28686 31
28708 24
28730 24
28752 19
28773 17
28793 13
28813 12
28833 10
28853 8
28873 6
28894 6
28916 9
28938 6
28960 9
28980 9
29000 9
29020 9
29042 8
29065 10
29084 12
29104 13
29126 17
29149 18
29171 20
29192 21
29211 26
29233 28
29254 29
29275 32
29296 29
29317 31
29337 31
29357 33
29376 32
29397 32
29418 34
29441 27
29461 22
29481 21
29500 14
29521 18
29541 20
29563 21
29584 16
29605 16
29627 18
29649 12
29671 12
29693 11
29715 11
29738 11
29757 14
29778 15
29797 18
29819 18
29838 20
29860 21
29881 20
29904 19
29923 18
29944 18
29966 17
29989 17
30011 13
30031 10
30050 11
30071 11
30093 11
30114 12
30133 12
30156 11
30175 13
30197 14
30218 15
30241 15
30262 14
30285 17
30304 17
30324 15
30344 11
30366 12
30385 11
30406 11
30426 13
30447 15
30466 12
30488 16
30508 16
30531 18
30550 18
30573 23
30594 22
30615 21
30637 20
30657 20
30677 19
30697 18
30717 19
30740 20
30761 18
30781 16
30801 17
30822 13
30844 10
30864 10
30885 11
30908 13
30930 12
30951 13
30971 14
30994 15
31015 18
31035 18
31057 18
31079 24
31101 25
31124 28
31146 29
31167 27
31190 29
31211 26
31233 27
31255 22
31277 21
31296 16
31317 12
31338 12
31359 9
31378 10
31401 9
31420 11
31442 8
31463 11
31486 12
31505 11
31526 12
31547 15
31568 17
31590 17
31612 21
31633 22
31656 24
31675 25
31695 23
31717 21
31737 20
31758 21
31778 17
31797 15
31820 13
31839 14
31860 16
31881 15
31902 17
31923 18
31945 17
31964 17
31987 17
32009 17
32032 18
32051 16
32072 16
32092 15
32114 16
32133 16
32153 17
32172 23
32193 21
32214 24
32235 22
32257 25
32277 27
32299 27
32321 29
32341 32
32361 32
32380 29
32403 24
32423 18
32446 18
32465 12
32486 7
32506 8
32526 9
32547 9
32569 11
32591 13
32613 14
32634 16
32654 19
32676 22
32699 26
32719 29
32742 32
32763 36
32785 31
32805 29
32825 29
32846 29
32866 30
32886 30
32907 29
32929 30
32952 24
32973 22
32995 22
33016 18
33039 17
33060 16
33081 19
33100 17
33123 22
33142 23
33165 25
33186 28
33208 29
33229 31
33249 33
33271 35
33291 33
33311 33
33332 34
33354 28
33374 28
33396 14
33416 13
33438 8
33458 8
33477 9
33500 10
33522 10
33544 11
33567 11
33588 13
33609 14
33631 17
33651 18
33671 20
33691 23
33711 25
33734 23
33755 21
33778 15
33797 15
33820 13
33839 16
33861 18
33883 21
33905 23
33926 27
33946 31
33968 31
33991 34
34012 29
34035 22
34054 22
34074 22
34094 10
34117 14
34138 17
34158 21
34179 26
34201 32
34221 39
34241 39
34260 44
34283 44
34304 45
34327 44
34348 37
34370 40
34392 41
34412 30
34431 31
34451 22
34473 21
34496 22
34518 12
34540 11
34559 10
34579 8
34600 9
34622 12
34644 13
34666 12
34689 13
34708 15
34730 15
34750 16
34770 19
34792 20
34812 23
34833 24
34853 24
34875 23
34898 22
34919 21
34941 18
34960 20
34982 16
35002 14
35024 14
35045 15
35067 15
35087 16
35110 20
35129 20
35149 22
35168 23
35191 26
35213 28
35233 30
35252 32
35272 31
35292 33
35315 31
35334 31
35356 31
35375 30
35396 32
35418 27
35438 22
35458 21
35479 14
35501 13
35521 7
35541 6
35562 8
35583 10
35603 11
35625 14
35644 14
35666 17
35685 14
35707 19
35729 21
35750 24
35770 27
35791 29
35814 33
35836 38
35856 37
35877 38
35897 39
35917 43
35939 35
35958 36
35979 26
36001 28
36021 21
36041 22
36061 19
36081 17
36101 15
36124 14
36145 15
36167 12
36190 12
36211 12
36232 13
36253 11
36273 11
36295 8
36318 8
36338 6
36358 7
36379 5
36399 7
36420 10
36440 9
36459 10
36482 15
36502 16
36524 19
36544 21
36565 22
36587 27
36609 28
36628 32
36649 30
36668 30
36691 24
36712 20
36735 20
36754 19
36774 18
36793 17
36815 15
36836 15
36857 14
36879 15
36902 13
36922 17
36945 17
36965 15
36986 16
37006 15
37026 15
37047 14
37067 15
37089 13
37112 12
37134 10
37156 11
37178 6
37199 6
37221 5
37243 5
37264 5
37287 5
37309 5
37332 8
37351 4
37373 6
37393 5
37414 5
37433 6
37453 4
37472 6
37494 5
37514 6
37535 7
37554 6
37574 5
37594 6
37615 7
37637 7
37657 7
37677 7
37699 9
37721 11
37742 10
37764 11
37785 10
37807 10
37827 8
37849 9
37869 10
37891 12
37911 15
37932 12
37953 12
37975 14
37995 15
38014 18
38037 20
38059 22
38082 22
38104 20
38124 19
38144 16
38165 15
38184 15
38207 13
38226 13
38246 13
38265 12
38285 14
38305 11
38325 11
38345 13
38368 15
38390 17
38411 17
38430 20
38453 15
38472 14
38493 16
38514 14
38534 14
38556 15
38578 17
38598 19
38620 21
38641 23
38663 26
38682 19
38702 22
38722 24
38745 24
38767 25
38790 27
38812 24
38833 26
38852 21
38875 19
38897 16
38917 15
38940 11
38961 11
38982 11
39003 11
39025 14
39046 13
39069 16
39091 17
39113 19
39133 18
39154 22
39176 21
39198 20
39217 19
39237 18
39257 17
39278 16
39299 16
39321 16
39341 16
39361 14
39380 15
39401 14
39420 15
39443 14
39465 14
39487 14
39506 16
39528 13
39549 14
39570 13
39592 11
39613 10
39634 9
39657 9
39677 9
39698 9
39718 8
39741 8
39761 8
39781 6
39800 7
39820 8
39840 9
39863 12
39884 11
39907 10
39929 11
39952 10
39974 9
39995 10
40016 9
40037 9
40057 9
40079 11
40098 12
40121 12
40140 12
40160 13
40179 13
40202 11
40221 11
40241 10
40261 11
40282 10
40304 9
40327 7
40349 7
40371 10
40391 8
40412 10
40433 10
40455 12
40476 12
40496 13
40517 16
40539 17
40559 18
40582 19
40601 20
40624 21
40645 22
40667 22
40688 22
40708 22
40728 21
40748 19
40770 19
40790 18
40809 18
40829 16
40849 15
40871 18
40890 16
40910 14
40930 17
40951 13
40972 13
40992 13
41012 12
41034 11
41055 11
41078 12
41097 12
41118 13
41140 16
41161 18
41182 20
41202 21
41223 23
41244 24
41266 26
41289 23
41311 23
41333 17
41355 10
41377 8
41399 5
41419 5
41440 7
41459 8
41480 9
41502 8
41524 10
41546 11
41567 11
41588 14
41608 14
41629 16
41649 16
41668 18
41688 17
41708 16
41728 16
41749 14
41769 15
41789 15
41808 14
41831 16
41852 15
41875 15
41897 12
41919 14
41940 14
41959 14
41981 16
42001 16
42024 13
42044 15
42066 15
42087 17
42107 17
42126 15
42148 12
42168 15
42188 13
42208 12
42230 13
42252 12
42275 12
42295 12
42317 14
42337 15
42357 15
42377 16
42398 17
42419 21
42441 22
42460 21
42480 22
42502 24
42525 32
42545 42
42565 25
42584 28
42607 28
42627 29
42647 20
42667 18
42687 14
42708 14
42728 15
42748 13
42767 13
42789 12
42810 10
42831 9
42853 12
42875 11
42897 11
42919 11
42939 10
42958 10
42980 11
43002 11
43025 13
43045 14
43068 15
43087 16
43110 16
43129 19
43152 19
43171 19
43191 20
43212 15
43233 14
43255 14
43278 11
43300 9
43323 9
43345 9
43368 9
43387 10
43408 10
43427 10
43448 13
43470 13
43490 15
43509 14
43529 13
43551 16
43571 15
43593 14
43615 13
43635 12
43658 10
43679 9
43699 7
43719 9
43740 10
43762 13
43782 17
43804 18
43826 20
43847 24
43870 28
43889 29
43912 30
43932 31
43955 34
43975 27
43995 28
44015 26
44038 23
44058 23
44078 17
44100 17
44123 11
44145 10
44165 9
44187 12
44208 10
44231 7
44250 7
44270 10
44292 10
44312 12
44334 13
44354 13
44375 16
44397 18
44418 20
44438 24
44459 22
44481 26
44501 24
44523 25
44542 27
44563 28
44583 20
44604 20
44625 16
44647 12
44667 10
44688 11
44708 11
44731 10
44753 9
44776 11
44798 13
44818 12
44840 12
44863 11
44883 12
44903 14
44924 14
44947 12
44969 12
44991 11
45010 10
45033 11
45054 14
45074 13
45096 14
45119 14
45138 16
45161 16
45183 14
45205 16
45227 14
45248 15
45267 14
45287 12
45308 12
45329 11
45350 8
45370 8
45391 10
45411 9
45433 9
45454 10
45474 13
45495 14
45516 15
45538 18
45558 17
45580 21
45602 22
45624 23
45646 25
45668 27
45691 27
45711 24
45734 20
45754 21
45774 22
45796 16
45816 15
45838 12
45860 11
45881 11
45901 13
45923 11
45943 12
45964 12
45987 14
46009 13
46030 15
46050 13
46073 14
46092 13
46114 11
46134 12
46157 11
46177 13
46200 13
46222 15
46244 17
46266 20
46287 21
46308 23
46328 24
46348 27
46368 28
46390 25
46411 17
46430 17
46451 17
46470 18
46490 16
46511 11
46532 10
46551 9
46572 11
46591 14
46614 12
46633 11
46655 11
46674 13
46694 13
46713 14
46735 15
46755 16
46775 14
46796 15
46817 15
46839 16
46860 21
46881 21
46903 21
46924 26
46945 21
46964 18
46986 20
47006 19
47026 18
47048 20
47068 19
47088 17
47110 17
47130 14
47151 10
47173 9
47194 10
47216 14
47236 9
47258 9
47280 8
47302 8
47323 8
47345 11
47367 12
47387 14
47407 16
47427 16
47449 17
47470 21
47492 24
47513 25
47534 29
47553 30
47573 32
47595 31
47618 32
47640 33
47663 36
47683 37
47705 39
47727 36
47750 37
47771 33
47791 30
47814 27
47834 29
47854 31
47875 20
47898 17
47917 17
47938 18
47960 19
47983 20
48004 20
48024 20
48045 21
48067 25
48088 26
48110 30
48129 34
48151 37
48173 44
48196 47
48216 51
48236 52
48256 49
48277 50
48296 45
48317 39
48338 28
48359 21
48379 20
48401 12
48422 8
48442 9
48461 7
48482 4
48503 7
48526 6
48547 9
48568 9
48588 8
48611 10
48631 8
48652 10
48674 12
48697 16
48718 17
48741 17
48761 21
48784 26
48804 28
48827 29
48848 30
48871 32
48893 33
48914 30
48934 32
48956 26
